-------------------------------------------------------
A1 matrix
        48         54         36         97         29 
        94         26         68         27         54 
        97         59         79         32         85 
         4         67         53         63         13 
         7         34         47         24         86 
        16         39         82         18         71 
        88         26          6         15          1 
        31          7         72         69         71 
-------------------------------------------------------
Q matrix
     0.279      0.343     -0.287      0.632      0.157 
     0.547     -0.221      0.241     -0.072     -0.266 
     0.564      0.132     0.0118     -0.328      0.191 
    0.0233      0.729     -0.119     0.0386     -0.475 
    0.0407      0.343       0.15     -0.137      0.781 
     0.093       0.35      0.464     -0.356     -0.179 
     0.512     -0.189     -0.433    -0.0368    -0.0234 
      0.18    -0.0907      0.648      0.583    0.00934 
-------------------------------------------------------
R matrix
       172       83.7        119       84.1        109 
         0       89.2       83.5       82.9       66.4 
         0          0       89.9       21.7       95.6 
         0          0          0       81.2      -8.76 
         0          0          0          0       55.3 
         0          0          0          0          0 
         0          0          0          0          0 
         0          0          0          0          0 
-------------------------------------------------------
Q.T*Q:
         1   2.22e-16   2.08e-16   1.39e-17  -6.49e-16 
  2.22e-16          1   4.16e-17  -2.08e-16  -1.53e-16 
  2.08e-16   4.16e-17          1          0   3.74e-16 
  1.39e-17  -2.08e-16          0          1   3.47e-18 
 -6.49e-16  -1.53e-16   3.74e-16   3.47e-18          1 
-------------------------------------------------------
Q*R:
        48         54         36         97         29 
        94         26         68         27         54 
        97         59         79         32         85 
         4         67         53         63         13 
         7         34         47         24         86 
        16         39         82         18         71 
        88         26          6         15          1 
        31          7         72         69         71 
-------------------------------------------------------
QR-A1:
         0          0          0          0          0 
 -1.42e-14          0          0          0  -1.42e-14 
         0          0          0          0          0 
         0          0          0          0          0 
         0          0          0   3.55e-15          0 
         0          0          0          0          0 
         0          0          0  -1.78e-15          0 
         0          0  -1.42e-14          0          0 
-------------------------------------------------------
A2 matrix:
        33         40         52         36         56 
        97         30         20         44         11 
        35         58         14          6         27 
        11          4         42         18         35 
        34         43         30         78         53 
-------------------------------------------------------
b2 vector:        88          3         72         65         39 
-------------------------------------------------------
QRx=b:      6.29      -8.53      -14.7      -6.81       21.9 
-------------------------------------------------------
Ax=b        88          3         72         65         39 
-------------------------------------------------------
inverse of A:
     -0.45    0.00846       0.21      0.419     0.0901 
     0.648   -0.00021     -0.287      -0.61     -0.136 
      1.11    0.00993     -0.518         -1     -0.245 
     0.416    0.00383     -0.206     -0.394    -0.0742 
     -1.48    -0.0165      0.695       1.38       0.32 
-------------------------------------------------------
AB
         1  -9.88e-15          0   1.42e-14  -7.11e-15 
  3.55e-15          1   6.22e-15   8.88e-15   8.88e-16 
         0   4.55e-15          1   1.42e-14   7.11e-15 
  7.11e-15   8.99e-15   7.11e-15          1   1.07e-14 
         0   1.78e-15   7.11e-15   1.42e-14          1 
-------------------------------------------------------
