-------------------------------------------------------
random symmetric matrix, A
     0.772      0.244      0.246      0.539      0.357 
     0.244      0.793      0.786      0.248      0.996 
     0.246      0.786     0.0107      0.679     0.0529 
     0.539      0.248      0.679      0.727      0.362 
     0.357      0.996     0.0529      0.362      0.572 
-------------------------------------------------------
-------------------------------------------------------
Orthogonal matrix V:
   -0.0176      0.372     -0.663      0.531      0.375 
    -0.525      0.349      0.122     -0.512       0.57 
     0.679      0.411      0.486     0.0921      0.353 
    -0.296     -0.499      0.414      0.548      0.437 
     0.418     -0.567     -0.372     -0.383      0.468 
-------------------------------------------------------
V^T*V=1:
         1   1.39e-16   1.11e-16   2.78e-16  -2.78e-17 
  1.39e-16          1   5.55e-17   1.11e-16   3.89e-16 
  1.11e-16   5.55e-17          1  -4.72e-16  -8.33e-17 
  2.78e-16   1.11e-16  -4.72e-16          1          0 
 -2.78e-17   3.89e-16  -8.33e-17          0          1 
-------------------------------------------------------
V*V.T=1:
         1  -1.39e-16   1.11e-16   1.11e-16  -2.78e-17 
 -1.39e-16          1  -2.78e-17   2.78e-17  -5.55e-17 
  1.11e-16  -2.78e-17          1  -1.67e-16   2.78e-17 
  1.11e-16   2.78e-17  -1.67e-16          1   2.78e-17 
 -2.78e-17  -5.55e-17   2.78e-17   2.78e-17          1 
-------------------------------------------------------
Eigenvalues:
    -0.867    0.00409       0.41      0.878       2.45 
-------------------------------------------------------
D=V^T*A*V:
    -0.867   1.58e-08   9.47e-12   7.32e-06    3.8e-09 
  1.58e-08    0.00409   1.05e-16  -3.34e-06   8.85e-09 
  9.47e-12   4.16e-17       0.41   2.21e-09  -1.63e-05 
  7.32e-06  -3.34e-06   2.21e-09      0.878   3.61e-16 
   3.8e-09   8.85e-09  -1.63e-05   2.22e-16       2.45 
-------------------------------------------------------
A=V*D*V^T:
     0.772      0.244      0.246      0.539      0.357 
     0.244      0.793      0.786      0.248      0.996 
     0.246      0.786     0.0107      0.679     0.0529 
     0.539      0.248      0.679      0.727      0.362 
     0.357      0.996     0.0529      0.362      0.572 
-------------------------------------------------------
eigenvalues * eigenvectors V:
    0.0152    0.00152     -0.271      0.466      0.918 
     0.455    0.00143     0.0499      -0.45        1.4 
    -0.589    0.00168      0.199     0.0809      0.865 
     0.257   -0.00204       0.17      0.481       1.07 
    -0.362   -0.00232     -0.152     -0.337       1.15 
-------------------------------------------------------
matrix A * eigenvectors V:
    0.0152    0.00152     -0.271      0.466      0.918 
     0.455    0.00143     0.0499      -0.45        1.4 
    -0.589    0.00168      0.199     0.0809      0.865 
     0.257   -0.00204       0.17      0.481       1.07 
    -0.362   -0.00232     -0.152     -0.337       1.15 
-------------------------------------------------------
rmax: 25, dr: 0.2
